1.637470909759377591e+00 3.550060608753214808e+01 1.602329841732363036e+01 1.319704558055772470e+00 1.471308246198713254e+00 2.812996030411193260e+01 1.744171359971713242e+00 1.604009552102440894e+00
4.303278904259550952e-01 3.591064920989841092e+00 5.820072726413564546e+00 7.205630188574744244e-01 6.488578997258854786e-01 3.085777436642707539e+00 7.603978257679722130e-01 4.314108877679093124e-01
3.706615481080494101e-01 7.026181264492250023e+01 4.698002092829748122e+00 1.354518153629179489e+00 6.549527653966085161e-01 2.026616247795140602e+00 7.797216088592024974e-01 3.706585837258790650e-01
1.270126521574747591e-01 3.738835938298216632e+01 1.180583548862370158e+00 6.220931489643773959e-01 4.062364769093403938e-01 1.066841578984746075e+00 3.831842425588951051e-01 1.272185686014940253e-01
1.203399916305696732e-01 4.938732272766711340e+00 2.319991753049330363e+00 9.836057412149256107e-01 5.104273600109804354e-01 1.455843559655628505e+00 5.062745866595541600e-01 1.208443333298011013e-01
8.903073086571863803e-02 6.666050045552211145e+00 6.975250594125845360e+00 6.376380583520523393e-01 2.205401402131753064e-01 4.647645881470133133e+00 1.916967422968355039e-01 8.820683770514987920e-02
2.336506069984336034e-02 9.628224061393685362e-01 2.250159411545304133e-01 3.623774159005291318e-01 1.479894164333270534e-01 2.314798316229976227e-01 1.541230306805788375e-01 2.647788396088341517e-02
1.309877974343700950e-02 4.331159136592298009e-01 8.489944848277883316e-02 2.544854057861270502e-01 8.496755348750172077e-02 8.819252314491282663e-02 8.527848396824053157e-02 1.303423997310967572e-02
8.198465637972933429e-03 7.362173583092691820e-02 7.753033579421365895e-02 6.842037503179217162e-02 5.206316649373975841e-02 8.281812628925344644e-02 5.998565969986120738e-02 2.325848401510601654e-02
5.873606962878693410e-03 4.511361939299444318e-02 2.402006061091452316e-02 4.683988636555184298e-02 2.245383743315594247e-02 2.551314814548386392e-02 2.360815131709044848e-02 5.913969970601012580e-03
1.611771080672806666e-03 6.724639774669398384e-02 1.887230111968672339e-02 4.497665109928874333e-02 1.627515224990433787e-02 1.858720543151667556e-02 1.598363968764545187e-02 3.296402369658962220e-03
1.047157891551525697e-03 3.969162761428433883e-02 1.278406715162027155e-02 2.893829694662688329e-02 1.006192033652613012e-02 1.146740706292738790e-02 9.179706882786587904e-03 1.789263144883099363e-03
6.275109512475353455e-04 6.076106411490642123e-02 5.348534664745801213e-03 3.884333509988899258e-02 4.442999346596615551e-03 6.104775239369962872e-03 4.429545658098794220e-03 1.439654553350993346e-03
4.683488074280535039e-04 3.472211877863248808e-02 4.945123657888572666e-03 2.187731830952444750e-02 4.615824437646868540e-03 4.218912066074528670e-03 4.030584097915887454e-03 2.310882139544334635e-03
1.156984793438690435e-04 4.488125225260021500e-03 1.000164715242311125e-03 4.645291468212302440e-03 9.908874157742372790e-04 9.734672384361290178e-04 9.736250794469814267e-04 3.731450030701557487e-04
