2.265051780497329219e+03 2.587850414499726412e+03 1.181026661750004905e+03 2.638550200170798234e+02 6.316721244257438457e+02 4.454920177628168290e+02 4.969203804311239310e+02 6.456780765016044370e+02
1.013216107489339151e+03 6.734542466835769119e+02 1.478001214487223706e+03 2.378810052940923470e+01 1.242632009525706280e+03 6.765807713941818236e+01 4.578238880581846360e+01 7.089664186103163956e+01
1.081651121179365191e+03 8.447128772212143986e+02 1.076696276472424870e+03 3.878559857997344551e+01 8.881899491321440792e+02 1.108621286885543640e+02 8.046476474990569727e+01 9.050509543067623497e+01
8.522228553628721102e+02 4.800355016886144313e+02 9.402857316181001579e+02 1.501469720537821040e+01 8.082173549712699696e+02 1.161297133230617185e+01 5.318811739033056929e-01 3.162753161174750804e+00
8.350014135246013893e+02 3.873480745532411902e+02 1.124066030108178893e+03 1.104458201424039565e+01 9.879647479969555661e+02 6.678850974899811277e+00 2.787154869589982820e-01 1.590348188708204491e+00
8.986631195011888167e+02 1.692467031868966387e+02 4.461273571368126341e+02 3.240354756728301755e+00 4.114088522053265251e+02 2.946239558286605220e+00 1.423917383123988745e-01 6.479011482241401332e-01
8.967566334090735154e+02 1.205200155667374986e+02 7.081389237681919440e+02 2.120844072943891767e+00 6.802637874046512252e+02 1.776893448033354250e+00 1.116457264162468849e-01 3.115614892024159421e-01
8.689375882716468595e+02 4.350583539022551349e+01 1.000114863124312819e+03 9.294178660356297028e-01 9.915484073906191043e+02 1.023792779320664259e+00 4.022975934889748417e-02 9.906570868871021618e-02
8.763933731989167200e+02 2.798158890770293539e+01 4.371315397296006040e+02 6.336635160866131988e-01 4.281271066911249363e+02 5.093331970577068546e-01 3.158657752958151516e-02 8.336305544709154969e-02
8.800074266554385076e+02 1.019363580623923937e+01 1.201243351291801673e+03 3.119008941894758080e-01 1.197762667965083438e+03 2.837424878960848607e-01 1.650102053941676292e-02 1.805164840504538959e-02
8.693188819439624240e+02 5.480101683355927733e+00 8.790321282687809799e+02 1.225557731590369986e-01 8.732112469774168630e+02 1.171412865050891483e-01 7.709105560700544105e-03 7.760921965818131686e-03
