2.768309288117669187e+00 1.307726065329314338e+02 1.212383104753346515e+03 7.689242874562968382e+02 6.483858092113271141e+02 2.831319560225929344e+00 4.054859494415218535e+00 2.982134909854845528e+00
1.423017221487197448e+00 7.954565991822094873e+01 1.316030596106462554e+02 1.425642365677713030e+02 1.233423156445709878e+02 1.424568475195784112e+00 1.419569559306982365e+00 1.419797674102473817e+00
1.051255672496544724e+00 2.683942114775595300e+00 5.653685717776183850e+01 4.339995289272808066e+01 4.047598880896369877e+01 1.075713776395522236e+00 1.064799211086981057e+00 1.055708684994701940e+00
1.047874998805359698e-01 1.064671524034042349e+01 3.896242727905286074e+01 3.529412082107195658e+01 2.182155258695795297e+01 9.739795086285989167e-02 1.047845888591154295e-01 9.925676702938748819e-02
1.480844063165134492e-02 8.858985159588053548e+00 4.346461978002297855e+01 1.779115770875152336e+01 1.212203098150127722e+01 2.001301580671467906e-01 3.102716115085411841e-02 9.830206854771407488e-03
6.441574167098160220e-03 7.662795201430834702e+00 4.011970719199229762e+01 9.094498285776769109e+00 4.286249759808808513e+00 4.761501422212906579e-03 9.030082033812489306e-03 2.089445051561761909e-03
5.544794031176512351e-03 2.962827700767576289e+00 5.605618009864484996e+00 3.652260302804207992e+00 3.639068612053026452e+00 1.247035301402812284e-03 6.030347631197653310e-03 1.659569535739085968e-03
3.106845374131183071e-03 2.655555141676387620e+00 5.522586181228061442e+00 1.058152654114956848e+00 1.183909819582277922e+00 6.406405347129303382e-04 6.247828679144672333e-04 5.268014657788230902e-04
2.647578178225046524e-03 9.333725742794866109e-01 2.460795837239488471e+00 4.957263714974656788e-01 1.241540876429064078e+00 4.167193634498464645e-04 3.617671145696242218e-04 2.512414916417111499e-04
1.366455289304744367e-03 3.662672507931373223e-01 1.185458603530844313e+00 2.149025336667846897e-01 6.955319345152310984e-01 9.489975518223331700e-05 4.846717240687804600e-04 2.088163520258006953e-04
9.710558527749367855e-04 1.106302873817967214e+00 1.318182334539764078e+00 3.712016049369566972e-01 8.830162219523922662e-01 9.242838575122930256e-05 1.645731755906526929e-04 1.584761361516805113e-04
