1.446121957536624369e-01 1.913144990250949462e+01 1.913144990250949817e+01 1.787475601767818389e-01 1.787475601767818389e-01 1.912343861286106161e+01 1.788771391586927162e-01 1.467474760425238334e-01
1.567442226993657761e-01 3.966656920613036874e+00 3.966656920613037318e+00 2.052388327912765820e-01 2.052388327912766097e-01 3.946216997615233257e+00 2.108869625811011783e-01 1.832778589048966733e-01
1.599764023927577328e-01 2.278157083210721634e+00 2.278157083210722078e+00 1.945772419054279945e-01 1.945772419054279945e-01 2.249635950161621434e+00 2.071199414301866659e-01 1.918586988652153380e-01
1.211321768905780361e-01 9.702516320223470991e-01 9.702516320223467661e-01 1.674538998410015633e-01 1.674538998410015633e-01 9.553711135823423906e-01 1.858968617332794893e-01 1.670745117804852131e-01
8.290597490647851064e-02 1.996809839435258471e-01 1.996809839435263190e-01 1.199573456158914142e-01 1.199573456158914142e-01 2.086584767499600479e-01 1.331894270322493412e-01 1.063198853619441442e-01
0.000000000000000000e+00 1.312755716293223796e-01 1.312755716293225183e-01 8.189240039514562863e-02 8.189240039514562863e-02 1.312755716293224073e-01 8.189240039514562863e-02 2.186769027147656558e-02
0.000000000000000000e+00 7.802846084428954887e-02 7.802846084428935458e-02 7.377599492873904152e-02 7.377599492873897213e-02 7.802846084428932683e-02 7.377599492873897213e-02 4.457484309517166510e-02
0.000000000000000000e+00 6.204657921862163916e-02 6.204657921862141018e-02 4.205059839505171509e-02 4.205059839505170122e-02 6.204657921862136855e-02 4.205059839505170122e-02 4.066805547907988844e-02
0.000000000000000000e+00 1.348738676244301896e-02 1.348738676244293742e-02 3.970732172352229097e-03 3.970732172352212618e-03 1.348738676244293916e-02 3.970732172352213485e-03 3.713869860269037454e-02
0.000000000000000000e+00 1.368081196833987115e-02 1.368081196833986594e-02 2.371864330296294659e-03 2.371864330296171060e-03 1.368081196833986594e-02 2.371864330296170626e-03 1.887062213044041550e-02
0.000000000000000000e+00 6.329161349120373051e-03 6.329161349120597697e-03 7.481834153118807271e-04 7.481834153119822084e-04 6.329161349120598565e-03 7.481834153119812326e-04 7.509219792044480920e-04
0.000000000000000000e+00 3.014080265039660502e-03 3.014080265040170511e-03 1.704151903280754442e-04 1.704151903281388158e-04 3.014080265040170077e-03 1.704151903281388430e-04 1.705925713020293750e-04
0.000000000000000000e+00 1.355220914197247280e-03 1.355220914196960400e-03 9.841422059676789992e-05 9.841422059663749750e-05 1.355220914196960617e-03 9.841422059663840552e-05 9.854644660833949109e-05
0.000000000000000000e+00 8.557219855779295324e-04 8.557219855782629246e-04 5.897578182117919107e-05 5.897578182137799987e-05 8.557219855782629246e-04 5.897578182137798631e-05 5.908128823972907414e-05
0.000000000000000000e+00 4.895255654936960183e-04 4.895255654932638553e-04 3.735707088672527007e-05 3.735707088679047127e-05 4.895255654932639637e-04 3.735707088679036285e-05 3.741238505502744808e-05
