6.041331911080852990e+00 6.268354708411064458e+00 2.587780778915212565e+01 1.600886702300113029e+01 1.227771083879539660e+01 1.373757609836351179e+01 8.427179335267426907e+00 6.065378349560544002e+00
4.189151412367855265e+00 6.322063468721204060e+00 3.417003776953706051e+01 9.036925949966645888e+00 6.715895327653015556e+00 4.046797529680504368e+01 5.774278828623527815e+00 4.180655657893843191e+00
4.983874114897256291e+00 2.587726557028052454e+01 8.281319112762581369e+01 9.088942818433746851e+00 8.044706305926137446e+00 9.945745357379803409e+01 8.737299136210751271e+00 4.848411575172541177e+00
2.283586046818146365e+00 6.765594797628726731e+00 3.179863661436005273e+01 7.771432928145234342e+00 5.014487141581001062e+00 2.581668184445923586e+01 6.259982287772065668e+00 2.363629600127918007e+00
2.031083022089315904e+00 8.683455195945014111e+02 4.651074977077790322e+02 7.157191093970421747e+00 4.412263698605606521e+00 6.017213894791035500e+02 4.234727724094376811e+00 1.900045815943097960e+00
1.414192358874122313e+00 4.189422400176765038e+00 4.651098317814268412e+00 5.495484101343842909e+00 2.852339898524208106e+00 4.728953289251697001e+00 2.423430163555011507e+00 1.328483422878950382e+00
9.254275848762207879e-01 4.165221558660139323e+00 1.261959430908514435e+01 3.460611340156257931e+00 1.765492372341103344e+00 1.044116649138744890e+01 1.793628942042682306e+00 8.846400005338804773e-01
1.086699435349424148e+00 8.473284612012536243e+00 4.833121489605909815e+00 5.657477319377803404e+00 2.660712568401770728e+00 4.472676726938283664e+00 2.290534818482142132e+00 1.028242764818974475e+00
8.614199501614331345e-01 3.568119379693774107e+01 1.388972972494818947e+01 3.023836549905248638e+00 1.867823860198143393e+00 1.194468301590468329e+01 1.846531045323128506e+00 6.624005740734019154e-01
7.160692440834985906e-01 1.032785372406329714e+02 1.337023537742372881e+01 2.398340341657638319e+00 1.144053593582549100e+00 1.791735598518233630e+01 1.200996033535587371e+00 4.735451435204292014e-01
8.027724986805097052e-01 5.205959613584377976e+00 4.281911577644684996e+00 2.200943627251246149e+00 6.617453684297123218e-01 3.342548651322808873e+00 6.745016415315694402e-01 3.485701855611610389e-01
7.706145420412903180e-01 3.364684854823345006e+01 2.954362233742726218e+00 1.855198084296059369e+00 7.564794922018793777e-01 2.566871354301126562e+00 7.709151004366340265e-01 2.086600163483061376e-01
7.777692478291510225e-01 4.220560073497431119e+00 1.088614778559361618e+00 1.348904601963958561e+00 4.690996853232411445e-01 1.256169430902402517e+00 4.546263522668803625e-01 9.467624582952631485e-02
