1.119361225289895234e+00 2.837425637060379913e+01 2.837425637060380268e+01 2.423316962976047595e+00 2.423316962976047595e+00 2.866690996956690185e+01 2.424981625128050489e+00 2.529729873537542417e+00
1.267470594114412208e+00 8.923371731382783167e+00 8.923371731382783167e+00 1.770016398697538129e+00 1.770016398697538129e+00 9.490068144972106268e+00 1.812174030430888871e+00 1.953028656154683684e+00
1.316840383722584162e+00 6.614253071167097708e+00 6.614253071167099485e+00 1.591149329235400200e+00 1.591149329235400200e+00 7.267860238402676032e+00 1.669358918862090979e+00 1.732205543007880877e+00
9.218820668572061949e-01 3.972741212348270157e+00 3.972741212348269269e+00 8.465350718721481593e-01 8.465350718721481593e-01 4.298650763736632463e+00 9.126997202765966266e-01 1.089035052035764117e+00
7.244029084245169336e-01 1.211922867602335030e+00 1.211922867602336362e+00 7.618087496409003956e-01 7.618087496409000625e-01 1.351403111214817709e+00 7.934913983983961083e-01 7.571558774047046914e-01
5.762935396000000710e-01 7.968159980905844542e-01 7.968159980905850093e-01 4.485265489975276409e-01 4.485265489975274744e-01 7.968159980905846762e-01 4.485265489975274744e-01 5.646944880295461378e-01
5.762935396000000710e-01 5.180763726065070740e-01 5.180763726065065189e-01 3.641730435664406462e-01 3.641730435664404797e-01 5.180763726065064079e-01 3.641730435664404797e-01 5.571650922075153112e-01
5.762935396000000710e-01 3.663399900498644501e-01 3.663399900498645057e-01 1.411122432536041360e-01 1.411122432536040805e-01 3.663399900498643391e-01 1.411122432536040805e-01 3.977590719806262665e-01
5.762935396000000710e-01 9.501600548866004359e-02 9.501600548866026563e-02 1.497737317011764262e-02 1.497737317011754027e-02 9.501600548866022400e-02 1.497737317011754894e-02 1.950276388322322862e-01
5.762935396000000710e-01 8.093588472522554589e-02 8.093588472522547650e-02 8.618325534088654843e-03 8.618325534088103201e-03 8.093588472522546262e-02 8.618325534088103201e-03 3.899487226405470852e-02
5.762935396000000710e-01 4.570244422060649320e-02 4.570244422060865119e-02 4.177034498312858467e-03 4.177034498313060562e-03 4.570244422060865813e-02 4.177034498313058827e-03 4.186800929941798116e-03
5.762935396000000710e-01 1.844760733994249211e-02 1.844760733994594420e-02 1.021374492935151271e-03 1.021374492935379821e-03 1.844760733994594074e-02 1.021374492935382856e-03 1.021526978571111978e-03
5.762935396000000710e-01 8.952676160237539940e-03 8.952676160235411434e-03 6.528199480139100074e-04 6.528199480136827586e-04 8.952676160235411434e-03 6.528199480136851439e-04 6.530558149938578156e-04
5.762935396000000710e-01 4.388036219048623530e-03 4.388036219046388339e-03 2.809236298565181045e-04 2.809236298566927153e-04 4.388036219046388339e-03 2.809236298566928237e-04 2.807187325628606378e-04
5.762935396000000710e-01 2.765521529467655434e-03 2.765521529468075671e-03 2.048680350787087409e-04 2.048680350785349704e-04 2.765521529468076972e-03 2.048680350785332899e-04 2.047377444535287993e-04
