2.088640297398062842e+02 4.475830551786669389e+02 2.319673036957270256e+02 1.070707295092486362e+02 2.390264983400752214e+02 8.294419526240122309e+01 8.227313334389954491e+01 1.012839221268867647e+02
9.007573480365540775e+01 1.206625320982484197e+02 3.091331584570024802e+02 3.615268228801785888e+00 3.113402802502574787e+02 2.703081282006863262e+01 2.508752346876889661e+01 2.835204148328407570e+01
1.069979709417139020e+02 1.596499271533208741e+02 2.710991095592502234e+02 1.092498129481281666e+01 2.723689192458892308e+02 4.190137005674308313e+01 3.390291106018495526e+01 3.594719463851667030e+01
2.465574978302493037e+01 7.424224153065354415e+01 2.676945659835820379e+02 2.475574043785649714e+00 2.649917122705529096e+02 2.164158693213623863e+00 1.391412400048707698e-01 8.488424642026429767e-01
1.770550520319687493e+01 7.434454184322606807e+01 2.735374600632804913e+02 1.984270968393264223e+00 2.704342892502162385e+02 1.122862748345214046e+00 5.197851843492844875e-02 2.541432182710619547e-01
1.080214116397218405e+01 2.850484388565875449e+01 1.979848938815200654e+02 7.583595352919693111e-01 2.004831174675647958e+02 5.042292614552958963e-01 3.050856901678986738e-02 1.229226533443468633e-01
7.035648826852926696e+00 2.344765905119741589e+01 2.278324236524565549e+02 3.674976471424210023e-01 2.293668658430505616e+02 3.388835365601404193e-01 1.812941094590292748e-02 5.686934524470620839e-02
7.052645902200539219e+00 8.199120820111952312e+00 3.237081400006678678e+02 1.561209766640463681e-01 3.237769562915219694e+02 2.374368769311200056e-01 9.729892421552848586e-03 1.831732367537631731e-02
5.570182614594873627e+00 4.938483843767332182e+00 2.177037122945939132e+02 1.126139736094252802e-01 2.178293052360819502e+02 7.621874012652024577e-02 4.850123886701848686e-03 1.377219740134419217e-02
3.708252325820570849e+00 2.051555251058822193e+00 3.239124170052818386e+02 6.000793819381983890e-02 3.242972448974585404e+02 6.119936647924880541e-02 2.671761793068530479e-03 2.995068139187895186e-03
2.522077197090134337e+00 9.923959050826063333e-01 2.534764034054081492e+02 2.423233098388717990e-02 2.534000131474611521e+02 2.778174462291854024e-02 1.217238586071392199e-03 1.266836448071022910e-03
