7.166102844752731293e+00 2.569906939434011761e+01 1.620502303348382256e+01 1.036222090113259497e+01 9.620101625519012600e+00 9.727833420376500229e+00 9.849008112527776859e+00 7.250751452819113041e+00
2.145117671450094132e+00 2.178400899965156725e+02 1.322347270855916079e+01 5.617427636141903768e+00 4.129345272023443592e+00 8.017750017329358769e+00 4.214112028323317105e+00 2.192896489247564418e+00
1.519707647086037783e+00 4.073121621876691911e+00 5.940191607583351185e+00 3.432372198196491198e+00 3.005209764363188540e+00 5.898147301051135827e+00 2.789422514425605293e+00 1.500601933343470806e+00
8.131001856155056773e-01 4.829108040719958694e+00 3.174348844402822944e+00 3.478402591050386405e+00 1.786251456938025894e+00 2.974176549927613156e+00 1.715906174900146741e+00 8.102575985524245183e-01
7.930999737434993868e-01 5.252980934247190703e+01 2.678833499556957154e+00 3.342426569621952837e+00 1.919729636678419560e+00 2.290573055694713034e+00 1.857611718448088034e+00 7.834067869830911857e-01
2.727787427857081282e-01 1.146237955691534527e+00 1.128210453678873293e+00 1.347440634724823116e+00 8.751681079979960476e-01 1.154547171426921981e+00 8.986452267112247094e-01 2.765502292729090095e-01
1.998536712401890736e-01 2.069297860459664573e+00 1.310887957732474352e+00 1.237726685388251369e+00 8.148830748878416186e-01 1.229869483158132715e+00 8.032884100608703726e-01 2.204392529751405538e-01
7.324998700391430195e-02 7.436715425663004142e-01 4.223819507333138046e-01 6.477841571734214154e-01 3.160009308563289099e-01 4.567198630934377057e-01 3.408956460926622634e-01 6.890274460405072798e-02
4.567037437823819046e-02 1.867881596337471750e+00 2.825847456331738727e-01 7.620611807469601651e-01 2.126766246850289865e-01 2.350631215902395654e-01 1.961576263395047315e-01 5.019400221851170324e-02
2.145835820913661110e-02 1.910561077977292799e+00 2.720982175996916053e-01 6.719503263245221181e-01 1.988342621227496831e-01 2.258033344741705861e-01 1.815648702808411730e-01 2.084215400469723034e-02
