8.324629285357620034e+00 5.885431522156554252e+01 3.342123822231701524e+01 8.304761066421967541e+00 7.839170174785550671e+00 4.253498429431237327e+01 9.015184314525326315e+00 8.311904938442667756e+00
2.287132657278585057e+00 7.324940989328402097e+00 1.053701367436152658e+01 4.319267362801531007e+00 3.063287252313092512e+00 7.327850963948357332e+00 3.545702775046662314e+00 2.292866984399347885e+00
1.856061519573403817e+00 9.392831198559031236e+01 1.065218197640983533e+01 6.835176564587396086e+00 3.738335293526718672e+00 6.599580719868831657e+00 4.283145065047600397e+00 1.856147560152403120e+00
8.117397094185702100e-01 4.144588384328068287e+01 3.650110780445377401e+00 3.504033276353753834e+00 2.356499353257659024e+00 4.051584658622781276e+00 2.206219470038584429e+00 8.176584974221856594e-01
7.031895077520831094e-01 1.159741498145033489e+01 4.581927412968592073e+00 4.163756567261954977e+00 2.183519001439947260e+00 3.534325768221694197e+00 2.114060165120887902e+00 6.946782245732638916e-01
3.988719781911845286e-01 1.411325467447959880e+01 8.457559563039087180e+00 2.658986742042746876e+00 1.046015821147004310e+00 6.029017432501860618e+00 1.038498823945835259e+00 4.146766770975159333e-01
1.574960457118351753e-01 2.609969114082989705e+00 1.018076027109215964e+00 1.193247940637483850e+00 7.498823936029357373e-01 1.070184079986077563e+00 7.850098706685018080e-01 1.677310154727382208e-01
8.257671083269901846e-02 1.574446419797759233e+00 3.214134940464603574e-01 1.171482781402278572e+00 3.244488572127288695e-01 2.861545365330125379e-01 2.777855711987385900e-01 8.265928294577271074e-02
4.718253233775856342e-02 3.550989062438504873e-01 2.093510326122684229e-01 3.835452521099494971e-01 1.899865029767342783e-01 2.157445455602884643e-01 1.898204122512340275e-01 7.153660889767858577e-02
3.164796003922511897e-02 2.509733992292651483e-01 1.186661030948845813e-01 2.723066809518719378e-01 1.073320563512527720e-01 1.234041731053117930e-01 1.098743053309836487e-01 3.183297182774499218e-02
8.972980866938906272e-03 2.133948981806938205e-01 8.549253838319627319e-02 1.853760930725228961e-01 8.055380692293595546e-02 8.491534519815062410e-02 8.024962304024654824e-02 1.338459963598713498e-02
4.739728201844309839e-03 1.844037457859714346e-01 6.270215772993181780e-02 1.573267734129501494e-01 5.571681757852264133e-02 6.118299278117415863e-02 5.512507413769310305e-02 7.465107357767839132e-03
2.916709310854740354e-03 1.345919122099274445e-01 2.527114301473815799e-02 1.090657997321915901e-01 2.239653486029968832e-02 2.652077291311815896e-02 2.276612604415470531e-02 4.841312065696668984e-03
2.046482990848904303e-03 8.607581848552089965e-02 2.069629271000585427e-02 6.913081085549016569e-02 1.977212869475889964e-02 1.892916395632875809e-02 1.821168858406306545e-02 6.701736023187607021e-03
6.736295856597881602e-04 2.405142932065448824e-02 5.829198667136723314e-03 2.453105052128398342e-02 5.768021764410023039e-03 5.673775291179179552e-03 5.641501184893007309e-03 1.452796946750533995e-03
