2.390539891241826709e+01 1.799651637396938213e+02 1.917996587330181001e+03 2.785664957844778655e+03 2.407571693698349009e+03 2.402316390946947777e+01 2.662282679019240206e+01 2.468492613813135961e+01
9.585260529277450203e+00 8.825183935419653380e+01 2.447738293932578415e+02 5.473705025577517063e+02 4.609561299931125404e+02 9.338366575967629757e+00 9.055458538483168951e+00 9.447204468089875462e+00
4.273107412709307162e+00 1.366851798029615850e+01 1.469107213517033017e+02 2.233092064481913326e+02 1.852698253894618858e+02 4.243885264649956746e+00 4.079133852503328939e+00 4.227296599272573729e+00
3.354031942935590260e-01 2.618146934972905981e+01 1.601162936543797457e+02 1.086827176382387563e+02 7.955680938110759826e+01 2.696787961085421736e-01 3.399400376109151245e-01 2.881982259054813311e-01
6.519161658730177056e-02 2.571748384258538067e+01 1.179600144056412745e+02 6.348359809498897732e+01 4.959869596578845830e+01 2.679734329122259173e-01 7.225311874072266882e-02 3.493020035684640812e-02
3.683278127312950706e-02 2.386257632207180990e+01 1.183493670764634231e+02 3.118906702019369703e+01 2.180283133805314577e+01 1.670214235571832254e-02 2.462765967299813258e-02 7.459582803109210403e-03
3.555766095101248192e-02 1.014653108953777050e+01 3.651618293044916896e+01 1.405691438816445960e+01 1.519021218266598261e+01 5.811052589536882564e-03 1.299041177039758979e-02 6.067438035802794408e-03
3.545774728735096720e-02 8.591977549972551031e+00 3.291705844406508419e+01 4.735152267516952840e+00 6.541529318273719973e+00 2.775879002971255380e-03 2.701903434795133348e-03 2.275615988301807075e-03
3.506873343113767888e-02 3.988068352360394808e+00 1.182078660311346141e+01 2.671390293871236388e+00 4.632230200875721238e+00 1.385176326247706917e-03 1.668112733630585992e-03 1.141984793661485241e-03
2.871556694684241837e-02 1.749028176371148158e+00 7.427610960764172710e+00 1.303172611463310870e+00 3.042780533987211822e+00 6.542659668130508532e-04 1.605483758805747833e-03 1.079792650961656966e-03
3.023593906016664237e-02 2.507980603548077614e+00 6.474826096650355467e+00 1.190009063466114680e+00 3.272014485138825091e+00 5.267332312338153391e-04 8.245180778767657957e-04 7.748045692799389750e-04
