1.021504282453915335e+00 3.963417227930356557e+00 1.562672462228979242e+01 2.376717940427116815e+00 1.938793137539498446e+00 5.348668821119909822e+00 1.438060144457647294e+00 1.003122630242181845e+00
8.757916051530085788e-01 2.994430946785868297e+00 2.561414843533060548e+01 1.685005576208746136e+00 1.557112813147856878e+00 2.947243458991806975e+01 1.188453056801377805e+00 9.333859340918340131e-01
8.898494560573972922e-01 2.344031028129868943e+01 6.890266649147993405e+01 1.500764184740320584e+00 1.253576238527455589e+00 8.487368840917199009e+01 1.664915412646301052e+00 8.792491629737082537e-01
4.545051883815060534e-01 2.644481189821333178e+00 1.531938934992860268e+01 1.199556996146190713e+00 9.791639142313355304e-01 1.232093697683032829e+01 1.201545120367583097e+00 4.552472635481112917e-01
3.549268052672964191e-01 8.525261188318703489e+02 3.590646616934371309e+02 1.467085115999937184e+00 9.831114620752510191e-01 4.139471655569454924e+02 9.368069278322215254e-01 3.396675389544515089e-01
2.336896854984029936e-01 1.273374875781404736e+00 1.592902164929829167e+00 1.099706254835163710e+00 5.820918687355348675e-01 1.454807783264985721e+00 4.869203881160013014e-01 2.284909384120297204e-01
1.523835218029472860e-01 2.102842076070455590e+00 9.377680671332857543e+00 5.063805261454757956e-01 3.255453598070317534e-01 7.512793910357519422e+00 2.805838665154604672e-01 1.510255886095963340e-01
1.032907961469957392e-01 4.662653384078240038e+00 1.473967096791601650e+00 1.159276518244780840e+00 5.468136678729879074e-01 1.439964937043486826e+00 4.409108964014189502e-01 1.410307156716242849e-01
6.647624709138408305e-02 2.377862321597439887e+01 6.136974983396907390e+00 5.894707416750135653e-01 3.723578099522140694e-01 4.382817150306694387e+00 3.474966690384101442e-01 8.530722745304623877e-02
4.425522779308822124e-02 1.004822612326633617e+02 8.008503119616330324e+00 4.250470922453594147e-01 2.137512611673877960e-01 1.455579783134767702e+01 2.359470295532512252e-01 5.057396821993421360e-02
3.290771785308169856e-02 2.497260013887286689e+00 3.277505457940137479e+00 4.055189155304228521e-01 1.438100437239832885e-01 2.213277743727940727e+00 1.447189630556498519e-01 4.310242421848328037e-02
2.468491785694302415e-02 2.942165657330544093e+01 1.038359657731634078e+00 5.432051865280936864e-01 1.402959509445178554e-01 6.916174873807570123e-01 1.539399906996128387e-01 3.272007013614111615e-02
1.376779214468660389e-02 1.713648189066519167e+00 5.702409204881212501e-01 3.202175461084263430e-01 1.094202849212256579e-01 7.389289319029415104e-01 1.060726844290836163e-01 2.354075803770098313e-02
