1.122752167051957128e+00 5.704861028275265511e+01 5.704861028275266932e+01 2.375058740153197512e+00 2.375058740153197512e+00 5.704544345413300022e+01 2.379526084040640921e+00 1.122716757134221366e+00
1.128597075339605516e+00 4.531175547362880529e+00 4.531175547362881417e+00 1.704181780105174626e+00 1.704181780105174626e+00 4.979195118537193210e+00 1.737819665361622690e+00 1.128597071350205372e+00
1.425932516652117732e+00 7.534879661446141519e+00 7.534879661446141519e+00 1.609159301952290066e+00 1.609159301952290066e+00 8.240337343836227291e+00 1.674267530157894646e+00 1.425932469732304586e+00
1.029485261568768628e+00 3.628300870409747247e+00 3.628300870409745915e+00 9.838848010702051505e-01 9.838848010702051505e-01 4.028831102303363387e+00 1.043091620858407342e+00 1.029485259020269661e+00
6.825939133708373019e-01 1.038356451291799321e+00 1.038356451291799987e+00 8.303797948868136825e-01 8.303797948868136825e-01 1.129581883574524825e+00 8.515452154179046218e-01 6.825939133285798821e-01
6.330380064854186362e-01 9.975920687254906660e-01 9.975920687254916652e-01 6.006751369145978403e-01 6.006751369145978403e-01 1.043960336570324277e+00 6.086850669205510211e-01 6.330380064397751472e-01
5.834820995999999704e-01 4.985635079224972066e-01 4.985635079224967070e-01 2.495209884321799576e-01 2.495209884321799576e-01 4.985635079224965960e-01 2.495209884321799576e-01 5.834820995999999704e-01
5.834820995999999704e-01 3.263593926499567255e-01 3.263593926499567255e-01 4.671168574977106747e-02 4.671168574977114379e-02 3.263593926499566145e-01 4.671168574977114379e-02 5.834820995999999704e-01
5.834820995999999704e-01 1.416560286869932295e-01 1.416560286869944507e-01 4.772253494706975296e-02 4.772253494706973909e-02 1.416560286869944230e-01 4.772253494706975296e-02 5.834820995999999704e-01
5.834820995999999704e-01 8.515055851386389707e-02 8.515055851386364727e-02 8.029510178622894373e-03 8.029510178622347935e-03 8.515055851386364727e-02 8.029510178622349670e-03 5.834820995999999704e-01
5.834820995999999704e-01 4.487929172464576177e-02 4.487929172464716343e-02 3.120179195852509826e-03 3.120179195852392298e-03 4.487929172464717731e-02 3.120179195852394467e-03 5.834820995999999704e-01
5.834820995999999704e-01 1.744498039820692459e-02 1.744498039820907564e-02 1.096238656159397246e-03 1.096238656160053839e-03 1.744498039820907218e-02 1.096238656160054056e-03 5.834820995999999704e-01
5.834820995999999704e-01 8.745732547574245480e-03 8.745732547571190632e-03 6.666062145748462070e-04 6.666062145744363785e-04 8.745732547571190632e-03 6.666062145744352943e-04 5.834820995999999704e-01
5.834820995999999704e-01 4.770263490890312187e-03 4.770263490886345742e-03 2.333336925408428797e-04 2.333336925408997732e-04 4.770263490886347477e-03 2.333336925409002069e-04 5.834820995999999704e-01
5.834820995999999704e-01 2.203638419117986795e-03 2.203638419117150225e-03 1.525479481560057776e-04 1.525479481563344535e-04 2.203638419117150225e-03 1.525479481563363508e-04 5.834820995999999704e-01
